Nombre,Fecha,Porcentaje,Consumo
Demanda real,2023-01-26 00:00:00+01:00,0.3316882751506342,28295
Demanda real,2023-01-26 00:05:00+01:00,0.3316574650534477,28234
Demanda real,2023-01-26 00:10:00+01:00,0.3335290939416007,28396
Demanda real,2023-01-26 00:15:00+01:00,0.33413828616073016,28227
Demanda real,2023-01-26 00:20:00+01:00,0.333836534804108,28085
Demanda real,2023-01-26 00:25:00+01:00,0.3327598155184362,27850
Demanda real,2023-01-26 00:30:00+01:00,0.33387279885987586,27644
Demanda real,2023-01-26 00:35:00+01:00,0.3328276330800786,27423
Demanda real,2023-01-26 00:40:00+01:00,0.3325334080471672,27298
Demanda real,2023-01-26 00:45:00+01:00,0.3351858454955675,27261
Demanda real,2023-01-26 00:50:00+01:00,0.33383601775052846,27007
Demanda real,2023-01-26 00:55:00+01:00,0.3335319085561099,26874
Demanda real,2023-01-26 01:00:00+01:00,0.3338292024911122,26480
Demanda real,2023-01-26 01:05:00+01:00,0.3324329808009333,26215
Demanda real,2023-01-26 01:10:00+01:00,0.3319839602826045,26079
Demanda real,2023-01-26 01:15:00+01:00,0.3331236278197902,25946
Demanda real,2023-01-26 01:20:00+01:00,0.33294715839608674,25865
Demanda real,2023-01-26 01:25:00+01:00,0.3338745425493531,25910
Demanda real,2023-01-26 01:30:00+01:00,0.33476931086093575,25722
Demanda real,2023-01-26 01:35:00+01:00,0.3329365131277717,25450
Demanda real,2023-01-26 01:40:00+01:00,0.3332590923383293,25437
Demanda real,2023-01-26 01:45:00+01:00,0.3337751820985629,25432
Demanda real,2023-01-26 01:50:00+01:00,0.33354815798818904,25360
Demanda real,2023-01-26 01:55:00+01:00,0.33214375404787394,25129
Demanda real,2023-01-26 02:00:00+01:00,0.3336316759731759,24975
Demanda real,2023-01-26 02:05:00+01:00,0.33414176604582607,24937
Demanda real,2023-01-26 02:10:00+01:00,0.3340589057293346,24862
Demanda real,2023-01-26 02:15:00+01:00,0.33528617710583153,24838
Demanda real,2023-01-26 02:20:00+01:00,0.33351396754003304,24618
Demanda real,2023-01-26 02:25:00+01:00,0.3338484688275245,24627
Demanda real,2023-01-26 02:30:00+01:00,0.3347011427096213,24633
Demanda real,2023-01-26 02:35:00+01:00,0.3341866608567771,24542
Demanda real,2023-01-26 02:40:00+01:00,0.33469109733669367,24568
Demanda real,2023-01-26 02:45:00+01:00,0.33469068772622573,24411
Demanda real,2023-01-26 02:50:00+01:00,0.33602695447323727,24534
Demanda real,2023-01-26 02:55:00+01:00,0.33483485545560665,24381
Demanda real,2023-01-26 03:00:00+01:00,0.33146222762968697,23974
Demanda real,2023-01-26 03:05:00+01:00,0.3334528999503339,24170
Demanda real,2023-01-26 03:10:00+01:00,0.33539372246696036,24363
Demanda real,2023-01-26 03:15:00+01:00,0.3361247154583707,24364
Demanda real,2023-01-26 03:20:00+01:00,0.3356311994031995,24295
Demanda real,2023-01-26 03:25:00+01:00,0.3341552954214865,24121
Demanda real,2023-01-26 03:30:00+01:00,0.3343601271004177,24097
Demanda real,2023-01-26 03:35:00+01:00,0.335619380134946,24224
Demanda real,2023-01-26 03:40:00+01:00,0.3332313256363889,23956
Demanda real,2023-01-26 03:45:00+01:00,0.3324052439382704,23758
Demanda real,2023-01-26 03:50:00+01:00,0.33343114241001565,23863
Demanda real,2023-01-26 03:55:00+01:00,0.334096365362068,23936
Demanda real,2023-01-26 04:00:00+01:00,0.3334724192606192,23976
Demanda real,2023-01-26 04:05:00+01:00,0.33294371390802197,23927
Demanda real,2023-01-26 04:10:00+01:00,0.33233987437850787,23863
Demanda real,2023-01-26 04:15:00+01:00,0.3351310882193908,24172
Demanda real,2023-01-26 04:20:00+01:00,0.33367617829791374,24007
Demanda real,2023-01-26 04:25:00+01:00,0.3320047383457599,23823
Demanda real,2023-01-26 04:30:00+01:00,0.33099271236938915,23663
Demanda real,2023-01-26 04:35:00+01:00,0.33248217450151396,23828
Demanda real,2023-01-26 04:40:00+01:00,0.3348849488661627,24101
Demanda real,2023-01-26 04:45:00+01:00,0.3354051023656926,24230
Demanda real,2023-01-26 04:50:00+01:00,0.3351044693510447,24218
Demanda real,2023-01-26 04:55:00+01:00,0.33247691132560236,23940
Demanda real,2023-01-26 05:00:00+01:00,0.3345694159165162,24270
Demanda real,2023-01-26 05:05:00+01:00,0.3358969772849222,24414
Demanda real,2023-01-26 05:10:00+01:00,0.3355424171593565,24404
Demanda real,2023-01-26 05:15:00+01:00,0.33446242457487657,24389
Demanda real,2023-01-26 05:20:00+01:00,0.33373030539471343,24380
Demanda real,2023-01-26 05:25:00+01:00,0.3336382127694429,24440
Demanda real,2023-01-26 05:30:00+01:00,0.3322951929587001,24540
Demanda real,2023-01-26 05:35:00+01:00,0.33185661417110135,24570
Demanda real,2023-01-26 05:40:00+01:00,0.3313364923805934,24613
Demanda real,2023-01-26 05:45:00+01:00,0.33120191032104007,24966
Demanda real,2023-01-26 05:50:00+01:00,0.32990659151649865,24935
Demanda real,2023-01-26 05:55:00+01:00,0.33077358763945786,25112
Demanda real,2023-01-26 06:00:00+01:00,0.3296057717083226,25584
Demanda real,2023-01-26 06:05:00+01:00,0.33537253702429204,26314
Demanda real,2023-01-26 06:10:00+01:00,0.33789590758575366,26735
Demanda real,2023-01-26 06:15:00+01:00,0.33453852059136724,27018
Demanda real,2023-01-26 06:20:00+01:00,0.3366032282558111,27485
Demanda real,2023-01-26 06:25:00+01:00,0.33441047715438926,27424
Demanda real,2023-01-26 06:30:00+01:00,0.3311917148131278,27630
Demanda real,2023-01-26 06:35:00+01:00,0.3326920336326065,28014
Demanda real,2023-01-26 06:40:00+01:00,0.33442345246217914,28428
Demanda real,2023-01-26 06:45:00+01:00,0.32863303048471154,28503
Demanda real,2023-01-26 06:50:00+01:00,0.3307501797555325,28980
Demanda real,2023-01-26 06:55:00+01:00,0.3329759983750663,29508
Demanda real,2023-01-26 07:00:00+01:00,0.3279096143779445,30068
Demanda real,2023-01-26 07:05:00+01:00,0.3307957359750188,30721
Demanda real,2023-01-26 07:10:00+01:00,0.3342943160179147,31424
Demanda real,2023-01-26 07:15:00+01:00,0.33185253321347563,31748
Demanda real,2023-01-26 07:20:00+01:00,0.334273215433417,32246
Demanda real,2023-01-26 07:25:00+01:00,0.33548872025617527,32583
Demanda real,2023-01-26 07:30:00+01:00,0.3319927690776512,32690
Demanda real,2023-01-26 07:35:00+01:00,0.3349601022348786,33288
Demanda real,2023-01-26 07:40:00+01:00,0.3351605952798517,33444
Demanda real,2023-01-26 07:45:00+01:00,0.33555693300668066,34105
Demanda real,2023-01-26 07:50:00+01:00,0.33592716367592146,34277
Demanda real,2023-01-26 07:55:00+01:00,0.33648172311047925,34556
Demanda real,2023-01-26 08:00:00+01:00,0.33213197628040636,34558
Demanda real,2023-01-26 08:05:00+01:00,0.33293312751319726,34940
Demanda real,2023-01-26 08:10:00+01:00,0.3330741144672578,35121
Demanda real,2023-01-26 08:15:00+01:00,0.3325429533864017,35342
Demanda real,2023-01-26 08:20:00+01:00,0.333552427722326,35523
Demanda real,2023-01-26 08:25:00+01:00,0.33436077123423713,35689
Demanda real,2023-01-26 08:30:00+01:00,0.3337014609675517,35655
Demanda real,2023-01-26 08:35:00+01:00,0.333361383037409,35654
Demanda real,2023-01-26 08:40:00+01:00,0.3331184302733006,35652
Demanda real,2023-01-26 08:45:00+01:00,0.33263553358317055,35593
Demanda real,2023-01-26 08:50:00+01:00,0.33255794400381156,35598
Demanda real,2023-01-26 08:55:00+01:00,0.33245882660492215,35609
Demanda real,2023-01-26 09:00:00+01:00,0.33085082584541964,35495
Demanda real,2023-01-26 09:05:00+01:00,0.3325592844072488,35803
Demanda real,2023-01-26 09:10:00+01:00,0.33248530654311476,35809
Demanda real,2023-01-26 09:15:00+01:00,0.33185245643161226,35780
Demanda real,2023-01-26 09:20:00+01:00,0.3330061486036003,35962
Demanda real,2023-01-26 09:25:00+01:00,0.33372188763379684,36073
Demanda real,2023-01-26 09:30:00+01:00,0.3333271809448223,36119
Demanda real,2023-01-26 09:35:00+01:00,0.33396344724563376,36217
Demanda real,2023-01-26 09:40:00+01:00,0.3331609710154295,36081
Demanda real,2023-01-26 09:45:00+01:00,0.3329061495886035,35848
Demanda real,2023-01-26 09:50:00+01:00,0.3325494715904338,35778
Demanda real,2023-01-26 09:55:00+01:00,0.3331536638632034,35849
Demanda real,2023-01-26 10:00:00+01:00,0.3330756909781718,35767
Demanda real,2023-01-26 10:05:00+01:00,0.3323751481609378,35613
Demanda real,2023-01-26 10:10:00+01:00,0.33295380307979466,35676
Demanda real,2023-01-26 10:15:00+01:00,0.33321473713777444,35589
Demanda real,2023-01-26 10:20:00+01:00,0.3339103583793394,35685
Demanda real,2023-01-26 10:25:00+01:00,0.33321462043111527,35554
Demanda real,2023-01-26 10:30:00+01:00,0.3327879488843127,35391
Demanda real,2023-01-26 10:35:00+01:00,0.33255516228631676,35328
Demanda real,2023-01-26 10:40:00+01:00,0.33399131464666404,35532
Demanda real,2023-01-26 10:45:00+01:00,0.3350216263785646,35785
Demanda real,2023-01-26 10:50:00+01:00,0.33413387119470894,35617
Demanda real,2023-01-26 10:55:00+01:00,0.33365904990980155,35512
Demanda real,2023-01-26 11:00:00+01:00,0.334914978685596,35433
Demanda real,2023-01-26 11:05:00+01:00,0.3335956163967995,35189
Demanda real,2023-01-26 11:10:00+01:00,0.33274743232843396,35022
Demanda real,2023-01-26 11:15:00+01:00,0.3342682741309804,35157
Demanda real,2023-01-26 11:20:00+01:00,0.33358419388027283,35017
Demanda real,2023-01-26 11:25:00+01:00,0.33307251161769896,34905
Demanda real,2023-01-26 11:30:00+01:00,0.33355290793141634,34939
Demanda real,2023-01-26 11:35:00+01:00,0.3343195266272189,35030
Demanda real,2023-01-26 11:40:00+01:00,0.3331994030536104,34830
Demanda real,2023-01-26 11:45:00+01:00,0.3342648775912562,34926
Demanda real,2023-01-26 11:50:00+01:00,0.3349119332587086,35006
Demanda real,2023-01-26 11:55:00+01:00,0.3338321199389946,34803
Demanda real,2023-01-26 12:00:00+01:00,0.33491315781868625,34767
Demanda real,2023-01-26 12:05:00+01:00,0.3353990574129938,34800
Demanda real,2023-01-26 12:10:00+01:00,0.3344730005118844,34631
Demanda real,2023-01-26 12:15:00+01:00,0.3340068056146321,34551
Demanda real,2023-01-26 12:20:00+01:00,0.3341258565532972,34571
Demanda real,2023-01-26 12:25:00+01:00,0.33379423709147166,34521
Demanda real,2023-01-26 12:30:00+01:00,0.3344329218743954,34571
Demanda real,2023-01-26 12:35:00+01:00,0.3355162754757075,34736
Demanda real,2023-01-26 12:40:00+01:00,0.3341595422286339,34513
Demanda real,2023-01-26 12:45:00+01:00,0.33482704554693093,34595
Demanda real,2023-01-26 12:50:00+01:00,0.33475326988798637,34577
Demanda real,2023-01-26 12:55:00+01:00,0.33497708417938155,34644
Demanda real,2023-01-26 13:00:00+01:00,0.33334623460314083,34451
Demanda real,2023-01-26 13:05:00+01:00,0.33337517622293894,34525
Demanda real,2023-01-26 13:10:00+01:00,0.33376726066496953,34613
Demanda real,2023-01-26 13:15:00+01:00,0.3336446258712982,34655
Demanda real,2023-01-26 13:20:00+01:00,0.3338118268174724,34649
Demanda real,2023-01-26 13:25:00+01:00,0.33453382893900585,34740
Demanda real,2023-01-26 13:30:00+01:00,0.33331079841225386,34512
Demanda real,2023-01-26 13:35:00+01:00,0.3338384910905616,34585
Demanda real,2023-01-26 13:40:00+01:00,0.3348504425973425,34726
Demanda real,2023-01-26 13:45:00+01:00,0.3335208262619406,34391
Demanda real,2023-01-26 13:50:00+01:00,0.3335920747503954,34381
Demanda real,2023-01-26 13:55:00+01:00,0.3345995445515771,34529
Demanda real,2023-01-26 14:00:00+01:00,0.3330357749294107,34323
Demanda real,2023-01-26 14:05:00+01:00,0.3334561425621237,34393
Demanda real,2023-01-26 14:10:00+01:00,0.33237165476710867,34216
Demanda real,2023-01-26 14:15:00+01:00,0.3341700750159918,34479
Demanda real,2023-01-26 14:20:00+01:00,0.33411910790334004,34442
Demanda real,2023-01-26 14:25:00+01:00,0.3338448240698476,34375
Demanda real,2023-01-26 14:30:00+01:00,0.3346727898966705,34397
Demanda real,2023-01-26 14:35:00+01:00,0.33384667868804524,34251
Demanda real,2023-01-26 14:40:00+01:00,0.3347746905464497,34375
Demanda real,2023-01-26 14:45:00+01:00,0.3339549688531313,34203
Demanda real,2023-01-26 14:50:00+01:00,0.33432923257176334,34242
Demanda real,2023-01-26 14:55:00+01:00,0.3334995941280599,34100
Demanda real,2023-01-26 15:00:00+01:00,0.33316929618219937,33851
Demanda real,2023-01-26 15:05:00+01:00,0.3327488548490371,33779
Demanda real,2023-01-26 15:10:00+01:00,0.33310026982845214,33825
Demanda real,2023-01-26 15:15:00+01:00,0.33355286438878623,33933
Demanda real,2023-01-26 15:20:00+01:00,0.33357255210381437,33931
Demanda real,2023-01-26 15:25:00+01:00,0.33338250479421744,33900
Demanda real,2023-01-26 15:30:00+01:00,0.33198148860799465,33644
Demanda real,2023-01-26 15:35:00+01:00,0.3342249670554452,33986
Demanda real,2023-01-26 15:40:00+01:00,0.3335236894962782,33874
Demanda real,2023-01-26 15:45:00+01:00,0.3328766178079626,33770
Demanda real,2023-01-26 15:50:00+01:00,0.33262005719357063,33731
Demanda real,2023-01-26 15:55:00+01:00,0.33334973720989747,33869
Demanda real,2023-01-26 16:00:00+01:00,0.33270010379741877,33976
Demanda real,2023-01-26 16:05:00+01:00,0.33257717241446744,34013
Demanda real,2023-01-26 16:10:00+01:00,0.33300465679335356,34110
Demanda real,2023-01-26 16:15:00+01:00,0.3325735862345564,33998
Demanda real,2023-01-26 16:20:00+01:00,0.3322403836742684,33945
Demanda real,2023-01-26 16:25:00+01:00,0.3334440482586822,34133
Demanda real,2023-01-26 16:30:00+01:00,0.3328223554453319,34087
Demanda real,2023-01-26 16:35:00+01:00,0.3321676613950944,34005
Demanda real,2023-01-26 16:40:00+01:00,0.33228931885373064,34056
Demanda real,2023-01-26 16:45:00+01:00,0.3319141058867086,34067
Demanda real,2023-01-26 16:50:00+01:00,0.33177874925759687,34076
Demanda real,2023-01-26 16:55:00+01:00,0.3324574976401094,34163
Demanda real,2023-01-26 17:00:00+01:00,0.33256994245456045,34271
Demanda real,2023-01-26 17:05:00+01:00,0.33409309137464477,34446
Demanda real,2023-01-26 17:10:00+01:00,0.33441596215000385,34493
Demanda real,2023-01-26 17:15:00+01:00,0.3332107214419158,34423
Demanda real,2023-01-26 17:20:00+01:00,0.33477230241476996,34742
Demanda real,2023-01-26 17:25:00+01:00,0.3343919009950536,34748
Demanda real,2023-01-26 17:30:00+01:00,0.33354458944295606,34735
Demanda real,2023-01-26 17:35:00+01:00,0.3327156997340655,34656
Demanda real,2023-01-26 17:40:00+01:00,0.33551589195380355,35152
Demanda real,2023-01-26 17:45:00+01:00,0.3334408377757963,35152
Demanda real,2023-01-26 17:50:00+01:00,0.3325084855035364,35071
Demanda real,2023-01-26 17:55:00+01:00,0.33353803711122026,35303
Demanda real,2023-01-26 18:00:00+01:00,0.3308224009028072,35178
Demanda real,2023-01-26 18:05:00+01:00,0.33128258993885285,35324
Demanda real,2023-01-26 18:10:00+01:00,0.3321618842882512,35538
Demanda real,2023-01-26 18:15:00+01:00,0.3308214648322885,35516
Demanda real,2023-01-26 18:20:00+01:00,0.33098532650614726,35617
Demanda real,2023-01-26 18:25:00+01:00,0.3324419852696251,35929
Demanda real,2023-01-26 18:30:00+01:00,0.33052585322982275,36104
Demanda real,2023-01-26 18:35:00+01:00,0.33135344245542964,36317
Demanda real,2023-01-26 18:40:00+01:00,0.33311840456254427,36681
Demanda real,2023-01-26 18:45:00+01:00,0.3340414376627133,36953
Demanda real,2023-01-26 18:50:00+01:00,0.33374550968463995,36977
Demanda real,2023-01-26 18:55:00+01:00,0.33369354766085824,37055
Demanda real,2023-01-26 19:00:00+01:00,0.33187091481412123,37217
Demanda real,2023-01-26 19:05:00+01:00,0.3326907701874389,37451
Demanda real,2023-01-26 19:10:00+01:00,0.33332152409969357,37634
Demanda real,2023-01-26 19:15:00+01:00,0.3324577563486677,37717
Demanda real,2023-01-26 19:20:00+01:00,0.33251762717533867,37775
Demanda real,2023-01-26 19:25:00+01:00,0.33290867876785746,37891
Demanda real,2023-01-26 19:30:00+01:00,0.33170522482777937,37895
Demanda real,2023-01-26 19:35:00+01:00,0.33206053509952294,38003
Demanda real,2023-01-26 19:40:00+01:00,0.33245216845080744,38106
Demanda real,2023-01-26 19:45:00+01:00,0.33154296875,38024
Demanda real,2023-01-26 19:50:00+01:00,0.3323295968808745,38186
Demanda real,2023-01-26 19:55:00+01:00,0.33363700252479245,38454
Demanda real,2023-01-26 20:00:00+01:00,0.33115746038350846,38201
Demanda real,2023-01-26 20:05:00+01:00,0.3317418305741519,38354
Demanda real,2023-01-26 20:10:00+01:00,0.3327665817977819,38556
Demanda real,2023-01-26 20:15:00+01:00,0.3326712151308403,38520
Demanda real,2023-01-26 20:20:00+01:00,0.33314338505107016,38585
Demanda real,2023-01-26 20:25:00+01:00,0.33304249419041615,38552
Demanda real,2023-01-26 20:30:00+01:00,0.33363011626399275,38596
Demanda real,2023-01-26 20:35:00+01:00,0.33405941792218796,38647
Demanda real,2023-01-26 20:40:00+01:00,0.33435980831444734,38654
Demanda real,2023-01-26 20:45:00+01:00,0.3352203765995076,38667
Demanda real,2023-01-26 20:50:00+01:00,0.33508467216673904,38585
Demanda real,2023-01-26 20:55:00+01:00,0.33458832940603617,38480
Demanda real,2023-01-26 21:00:00+01:00,0.3356558196985117,38588
Demanda real,2023-01-26 21:05:00+01:00,0.3343150923666783,38366
Demanda real,2023-01-26 21:10:00+01:00,0.3338804732177937,38241
Demanda real,2023-01-26 21:15:00+01:00,0.3352137218491758,38090
Demanda real,2023-01-26 21:20:00+01:00,0.3349766751484309,37914
Demanda real,2023-01-26 21:25:00+01:00,0.334451157302673,37699
Demanda real,2023-01-26 21:30:00+01:00,0.33573832278906984,37413
Demanda real,2023-01-26 21:35:00+01:00,0.3345689701823692,37095
Demanda real,2023-01-26 21:40:00+01:00,0.3333454274985033,36750
Demanda real,2023-01-26 21:45:00+01:00,0.33603027415334996,36673
Demanda real,2023-01-26 21:50:00+01:00,0.33512701674206896,36371
Demanda real,2023-01-26 21:55:00+01:00,0.33379026730637423,36038
Demanda real,2023-01-26 22:00:00+01:00,0.3355352559263174,35556
Demanda real,2023-01-26 22:05:00+01:00,0.3337853857461236,35196
Demanda real,2023-01-26 22:10:00+01:00,0.3333428576871059,34999
Demanda real,2023-01-26 22:15:00+01:00,0.3350255763098828,34778
Demanda real,2023-01-26 22:20:00+01:00,0.33446764780020555,34499
Demanda real,2023-01-26 22:25:00+01:00,0.3335415609260922,34172
Demanda real,2023-01-26 22:30:00+01:00,0.3367217406827062,33953
Demanda real,2023-01-26 22:35:00+01:00,0.3372409190960429,33860
Demanda real,2023-01-26 22:40:00+01:00,0.33601724656572746,33511
Demanda real,2023-01-26 22:45:00+01:00,0.3372465423687324,33065
Demanda real,2023-01-26 22:50:00+01:00,0.3369266431443341,32849
Demanda real,2023-01-26 22:55:00+01:00,0.3355496499736317,32450
Demanda real,2023-01-26 23:00:00+01:00,0.33794298314695226,32184
Demanda real,2023-01-26 23:05:00+01:00,0.3369336171204083,31819
Demanda real,2023-01-26 23:10:00+01:00,0.3359210049265286,31502
Demanda real,2023-01-26 23:15:00+01:00,0.3369762811634349,31142
Demanda real,2023-01-26 23:20:00+01:00,0.3363474329435291,30948
Demanda real,2023-01-26 23:25:00+01:00,0.33489277047854316,30638
Demanda real,2023-01-26 23:30:00+01:00,0.3370591957021234,30366
Demanda real,2023-01-26 23:35:00+01:00,0.335770660534277,30078
Demanda real,2023-01-26 23:40:00+01:00,0.3345867193462937,29809
Demanda real,2023-01-26 23:45:00+01:00,0.33588091028346545,29445
Demanda real,2023-01-26 23:50:00+01:00,0.3339569798673125,29095
Demanda real,2023-01-26 23:55:00+01:00,0.33301446435774795,28894
Demanda programada,2023-01-26 00:00:00+01:00,0.3306918622371228,28210
Demanda programada,2023-01-26 00:05:00+01:00,0.3313755432867379,28210
Demanda programada,2023-01-26 00:10:00+01:00,0.33134440555333694,28210
Demanda programada,2023-01-26 00:15:00+01:00,0.3303857854800715,27910
Demanda programada,2023-01-26 00:20:00+01:00,0.33175637124381896,27910
Demanda programada,2023-01-26 00:25:00+01:00,0.3334767127870576,27910
Demanda programada,2023-01-26 00:30:00+01:00,0.33104664363873526,27410
Demanda programada,2023-01-26 00:35:00+01:00,0.3326698546010632,27410
Demanda programada,2023-01-26 00:40:00+01:00,0.33389774762154195,27410
Demanda programada,2023-01-26 00:45:00+01:00,0.3302553761788248,26860
Demanda programada,2023-01-26 00:50:00+01:00,0.3320189371932904,26860
Demanda programada,2023-01-26 00:55:00+01:00,0.3333581552361804,26860
Demanda programada,2023-01-26 01:00:00+01:00,0.33041274803963594,26209
Demanda programada,2023-01-26 01:05:00+01:00,0.33235689467143475,26209
Demanda programada,2023-01-26 01:10:00+01:00,0.3336388517599134,26209
Demanda programada,2023-01-26 01:15:00+01:00,0.3313646693286428,25809
Demanda programada,2023-01-26 01:20:00+01:00,0.3322262985132265,25809
Demanda programada,2023-01-26 01:25:00+01:00,0.3325730632441627,25809
Demanda programada,2023-01-26 01:30:00+01:00,0.3300449014121169,25359
Demanda programada,2023-01-26 01:35:00+01:00,0.33174605251108696,25359
Demanda programada,2023-01-26 01:40:00+01:00,0.3322371868776858,25359
Demanda programada,2023-01-26 01:45:00+01:00,0.33216090294638756,25309
Demanda programada,2023-01-26 01:50:00+01:00,0.3328773789638437,25309
Demanda programada,2023-01-26 01:55:00+01:00,0.3345229126187927,25309
Demanda programada,2023-01-26 02:00:00+01:00,0.33208207539608325,24859
Demanda programada,2023-01-26 02:05:00+01:00,0.33309660994238244,24859
Demanda programada,2023-01-26 02:10:00+01:00,0.334018596151779,24859
Demanda programada,2023-01-26 02:15:00+01:00,0.33220842332613393,24610
Demanda programada,2023-01-26 02:20:00+01:00,0.33340558701601325,24610
Demanda programada,2023-01-26 02:25:00+01:00,0.33361801347486003,24610
Demanda programada,2023-01-26 02:30:00+01:00,0.33289400383167794,24500
Demanda programada,2023-01-26 02:35:00+01:00,0.3336147498570223,24500
Demanda programada,2023-01-26 02:40:00+01:00,0.33376472992302975,24500
Demanda programada,2023-01-26 02:45:00+01:00,0.3323461665021389,24240
Demanda programada,2023-01-26 02:50:00+01:00,0.33200021914205885,24240
Demanda programada,2023-01-26 02:55:00+01:00,0.3328984412552359,24240
Demanda programada,2023-01-26 03:00:00+01:00,0.33462835969472404,24203
Demanda programada,2023-01-26 03:05:00+01:00,0.3339081728381436,24203
Demanda programada,2023-01-26 03:10:00+01:00,0.3331910792951542,24203
Demanda programada,2023-01-26 03:15:00+01:00,0.33220666344760985,24080
Demanda programada,2023-01-26 03:20:00+01:00,0.33266101179786145,24080
Demanda programada,2023-01-26 03:25:00+01:00,0.33358731038304357,24080
Demanda programada,2023-01-26 03:30:00+01:00,0.3331529506445212,24010
Demanda programada,2023-01-26 03:35:00+01:00,0.33265444670739985,24010
Demanda programada,2023-01-26 03:40:00+01:00,0.3339824732229795,24010
Demanda programada,2023-01-26 03:45:00+01:00,0.3331188001063339,23809
Demanda programada,2023-01-26 03:50:00+01:00,0.3326766152470378,23809
Demanda programada,2023-01-26 03:55:00+01:00,0.33232371168555636,23809
Demanda programada,2023-01-26 04:00:00+01:00,0.33391749422793404,24008
Demanda programada,2023-01-26 04:05:00+01:00,0.33407082724552983,24008
Demanda programada,2023-01-26 04:10:00+01:00,0.334359288609111,24008
Demanda programada,2023-01-26 04:15:00+01:00,0.33323166082049716,24035
Demanda programada,2023-01-26 04:20:00+01:00,0.33406535366311313,24035
Demanda programada,2023-01-26 04:25:00+01:00,0.334959236290154,24035
Demanda programada,2023-01-26 04:30:00+01:00,0.3347833993090039,23934
Demanda programada,2023-01-26 04:35:00+01:00,0.33396123738959355,23934
Demanda programada,2023-01-26 04:40:00+01:00,0.33256447309915516,23934
Demanda programada,2023-01-26 04:45:00+01:00,0.33265043396409244,24031
Demanda programada,2023-01-26 04:50:00+01:00,0.3325169503251695,24031
Demanda programada,2023-01-26 04:55:00+01:00,0.3337407124505243,24031
Demanda programada,2023-01-26 05:00:00+01:00,0.3343350656869908,24253
Demanda programada,2023-01-26 05:05:00+01:00,0.3336818788437461,24253
Demanda programada,2023-01-26 05:10:00+01:00,0.3334662450158119,24253
Demanda programada,2023-01-26 05:15:00+01:00,0.33381788261108064,24342
Demanda programada,2023-01-26 05:20:00+01:00,0.3332101351073878,24342
Demanda programada,2023-01-26 05:25:00+01:00,0.3323003836020368,24342
Demanda programada,2023-01-26 05:30:00+01:00,0.33448882870683816,24702
Demanda programada,2023-01-26 05:35:00+01:00,0.3336394824279424,24702
Demanda programada,2023-01-26 05:40:00+01:00,0.33253459695223736,24702
Demanda programada,2023-01-26 05:45:00+01:00,0.3342663836561422,25197
Demanda programada,2023-01-26 05:50:00+01:00,0.3333730253234897,25197
Demanda programada,2023-01-26 05:55:00+01:00,0.33189320196525246,25197
Demanda programada,2023-01-26 06:00:00+01:00,0.3393584127802113,26341
Demanda programada,2023-01-26 06:05:00+01:00,0.3357166526471413,26341
Demanda programada,2023-01-26 06:10:00+01:00,0.33291625590859686,26341
Demanda programada,2023-01-26 06:15:00+01:00,0.3384017235828731,27330
Demanda programada,2023-01-26 06:20:00+01:00,0.33470497464912924,27330
Demanda programada,2023-01-26 06:25:00+01:00,0.3332642335410392,27330
Demanda programada,2023-01-26 06:30:00+01:00,0.3373049169323712,28140
Demanda programada,2023-01-26 06:35:00+01:00,0.3341883996009691,28140
Demanda programada,2023-01-26 06:40:00+01:00,0.3310354563207303,28140
Demanda programada,2023-01-26 06:45:00+01:00,0.3390905317529862,29410
Demanda programada,2023-01-26 06:50:00+01:00,0.33565779111836475,29410
Demanda programada,2023-01-26 06:55:00+01:00,0.33187014071474513,29410
Demanda programada,2023-01-26 07:00:00+01:00,0.34234863025649975,31392
Demanda programada,2023-01-26 07:05:00+01:00,0.3380208894153117,31392
Demanda programada,2023-01-26 07:10:00+01:00,0.3339538941075095,31392
Demanda programada,2023-01-26 07:15:00+01:00,0.33868860341385404,32402
Demanda programada,2023-01-26 07:20:00+01:00,0.3358903655173844,32402
Demanda programada,2023-01-26 07:25:00+01:00,0.33362506563976896,32402
Demanda programada,2023-01-26 07:30:00+01:00,0.3382182682347206,33303
Demanda programada,2023-01-26 07:35:00+01:00,0.33511103955564053,33303
Demanda programada,2023-01-26 07:40:00+01:00,0.33374755724808336,33303
Demanda programada,2023-01-26 07:45:00+01:00,0.3375739150112656,34310
Demanda programada,2023-01-26 07:50:00+01:00,0.33625057577153383,34310
Demanda programada,2023-01-26 07:55:00+01:00,0.3340863502697229,34310
Demanda programada,2023-01-26 08:00:00+01:00,0.33756211015963633,35123
Demanda programada,2023-01-26 08:05:00+01:00,0.33467688144379015,35123
Demanda programada,2023-01-26 08:10:00+01:00,0.33309308170136087,35123
Demanda programada,2023-01-26 08:15:00+01:00,0.3351116882139295,35615
Demanda programada,2023-01-26 08:20:00+01:00,0.33441628559892583,35615
Demanda programada,2023-01-26 08:25:00+01:00,0.33366748486949355,35615
Demanda programada,2023-01-26 08:30:00+01:00,0.3336733834361283,35652
Demanda programada,2023-01-26 08:35:00+01:00,0.33334268323469185,35652
Demanda programada,2023-01-26 08:40:00+01:00,0.3331184302733006,35652
Demanda programada,2023-01-26 08:45:00+01:00,0.3331495378634244,35648
Demanda programada,2023-01-26 08:50:00+01:00,0.3330250460095476,35648
Demanda programada,2023-01-26 08:55:00+01:00,0.33282294506479443,35648
Demanda programada,2023-01-26 09:00:00+01:00,0.33430893702695647,35866
Demanda programada,2023-01-26 09:05:00+01:00,0.3331444653953687,35866
Demanda programada,2023-01-26 09:10:00+01:00,0.33301454953993,35866
Demanda programada,2023-01-26 09:15:00+01:00,0.3339578367449151,36007
Demanda programada,2023-01-26 09:20:00+01:00,0.3334228461367509,36007
Demanda programada,2023-01-26 09:25:00+01:00,0.33311130230449704,36007
Demanda programada,2023-01-26 09:30:00+01:00,0.3344253822940411,36238
Demanda programada,2023-01-26 09:35:00+01:00,0.3341570920089261,36238
Demanda programada,2023-01-26 09:40:00+01:00,0.33461066122494204,36238
Demanda programada,2023-01-26 09:45:00+01:00,0.3330733084452369,35866
Demanda programada,2023-01-26 09:50:00+01:00,0.3333674142786768,35866
Demanda programada,2023-01-26 09:55:00+01:00,0.33331164908693833,35866
Demanda programada,2023-01-26 10:00:00+01:00,0.33345749832377264,35808
Demanda programada,2023-01-26 10:05:00+01:00,0.3341950777903254,35808
Demanda programada,2023-01-26 10:10:00+01:00,0.33418572095193655,35808
Demanda programada,2023-01-26 10:15:00+01:00,0.3331960114226862,35587
Demanda programada,2023-01-26 10:20:00+01:00,0.3329933564143352,35587
Demanda programada,2023-01-26 10:25:00+01:00,0.33352389878163075,35587
Demanda programada,2023-01-26 10:30:00+01:00,0.33329572061271123,35445
Demanda programada,2023-01-26 10:35:00+01:00,0.3336565253407636,35445
Demanda programada,2023-01-26 10:40:00+01:00,0.33317353787152443,35445
Demanda programada,2023-01-26 10:45:00+01:00,0.3339169022787275,35667
Demanda programada,2023-01-26 10:50:00+01:00,0.3346029363478587,35667
Demanda programada,2023-01-26 10:55:00+01:00,0.33511537883343356,35667
Demanda programada,2023-01-26 11:00:00+01:00,0.3324857982740531,35176
Demanda programada,2023-01-26 11:05:00+01:00,0.3334723749573395,35176
Demanda programada,2023-01-26 11:10:00+01:00,0.33421060132445296,35176
Demanda programada,2023-01-26 11:15:00+01:00,0.33307028219365636,35031
Demanda programada,2023-01-26 11:20:00+01:00,0.3337175627786457,35031
Demanda programada,2023-01-26 11:25:00+01:00,0.33427483611172076,35031
Demanda programada,2023-01-26 11:30:00+01:00,0.33424981861228853,35012
Demanda programada,2023-01-26 11:35:00+01:00,0.33414773811796145,35012
Demanda programada,2023-01-26 11:40:00+01:00,0.3349404966900088,35012
Demanda programada,2023-01-26 11:45:00+01:00,0.33409260570794175,34908
Demanda programada,2023-01-26 11:50:00+01:00,0.3339743405757584,34908
Demanda programada,2023-01-26 11:55:00+01:00,0.3348392852004259,34908
Demanda programada,2023-01-26 12:00:00+01:00,0.3332081033436407,34590
Demanda programada,2023-01-26 12:05:00+01:00,0.3333750975837775,34590
Demanda programada,2023-01-26 12:10:00+01:00,0.33407701445832005,34590
Demanda programada,2023-01-26 12:15:00+01:00,0.3343741541317041,34589
Demanda programada,2023-01-26 12:20:00+01:00,0.33429982506499656,34589
Demanda programada,2023-01-26 12:25:00+01:00,0.33445175014503964,34589
Demanda programada,2023-01-26 12:30:00+01:00,0.3336299965174322,34488
Demanda programada,2023-01-26 12:35:00+01:00,0.33312083454071284,34488
Demanda programada,2023-01-26 12:40:00+01:00,0.33391748884133887,34488
Demanda programada,2023-01-26 12:45:00+01:00,0.3337914480943071,34488
Demanda programada,2023-01-26 12:50:00+01:00,0.33389162656959465,34488
Demanda programada,2023-01-26 12:55:00+01:00,0.3334687010500667,34488
Demanda programada,2023-01-26 13:00:00+01:00,0.33348169793611937,34465
Demanda programada,2023-01-26 13:05:00+01:00,0.3327958131360924,34465
Demanda programada,2023-01-26 13:10:00+01:00,0.33234012188536605,34465
Demanda programada,2023-01-26 13:15:00+01:00,0.3332980321176878,34619
Demanda programada,2023-01-26 13:20:00+01:00,0.33352280390758976,34619
Demanda programada,2023-01-26 13:25:00+01:00,0.33336864202761785,34619
Demanda programada,2023-01-26 13:30:00+01:00,0.333832320871522,34566
Demanda programada,2023-01-26 13:35:00+01:00,0.33365508986659975,34566
Demanda programada,2023-01-26 13:40:00+01:00,0.3333076196169942,34566
Demanda programada,2023-01-26 13:45:00+01:00,0.3332104931387286,34359
Demanda programada,2023-01-26 13:50:00+01:00,0.3333786130813192,34359
Demanda programada,2023-01-26 13:55:00+01:00,0.33295217791559667,34359
Demanda programada,2023-01-26 14:00:00+01:00,0.3339769650983398,34420
Demanda programada,2023-01-26 14:05:00+01:00,0.3337179201287558,34420
Demanda programada,2023-01-26 14:10:00+01:00,0.3343532954490262,34420
Demanda programada,2023-01-26 14:15:00+01:00,0.3337630114946985,34437
Demanda programada,2023-01-26 14:20:00+01:00,0.3340706033002532,34437
Demanda programada,2023-01-26 14:25:00+01:00,0.33444695873435176,34437
Demanda programada,2023-01-26 14:30:00+01:00,0.3334079277666427,34267
Demanda programada,2023-01-26 14:35:00+01:00,0.3340026317071982,34267
Demanda programada,2023-01-26 14:40:00+01:00,0.33372288933687827,34267
Demanda programada,2023-01-26 14:45:00+01:00,0.3340916635747623,34217
Demanda programada,2023-01-26 14:50:00+01:00,0.33408513962116776,34217
Demanda programada,2023-01-26 14:55:00+01:00,0.33464385959764886,34217
Demanda programada,2023-01-26 15:00:00+01:00,0.33307087389151896,33841
Demanda programada,2023-01-26 15:05:00+01:00,0.33335960202925674,33841
Demanda programada,2023-01-26 15:10:00+01:00,0.3332578338880901,33841
Demanda programada,2023-01-26 15:15:00+01:00,0.33355286438878623,33933
Demanda programada,2023-01-26 15:20:00+01:00,0.33359221392056626,33933
Demanda programada,2023-01-26 15:25:00+01:00,0.33370703643605254,33933
Demanda programada,2023-01-26 15:30:00+01:00,0.3339549845573942,33844
Demanda programada,2023-01-26 15:35:00+01:00,0.3328285112994906,33844
Demanda programada,2023-01-26 15:40:00+01:00,0.3332283092434327,33844
Demanda programada,2023-01-26 15:45:00+01:00,0.3337046200553973,33854
Demanda programada,2023-01-26 15:50:00+01:00,0.33383295532984913,33854
Demanda programada,2023-01-26 15:55:00+01:00,0.3332021023208205,33854
Demanda programada,2023-01-26 16:00:00+01:00,0.3344822858933433,34158
Demanda programada,2023-01-26 16:05:00+01:00,0.33399497413734097,34158
Demanda programada,2023-01-26 16:10:00+01:00,0.33347326492956236,34158
Demanda programada,2023-01-26 16:15:00+01:00,0.3330920402633355,34051
Demanda programada,2023-01-26 16:20:00+01:00,0.33327787021630617,34051
Demanda programada,2023-01-26 16:25:00+01:00,0.33264299321057,34051
Demanda programada,2023-01-26 16:30:00+01:00,0.33326173133628856,34132
Demanda programada,2023-01-26 16:35:00+01:00,0.33340822287126487,34132
Demanda programada,2023-01-26 16:40:00+01:00,0.33303086184858866,34132
Demanda programada,2023-01-26 16:45:00+01:00,0.3329760907266315,34176
Demanda programada,2023-01-26 16:50:00+01:00,0.33275239272883056,34176
Demanda programada,2023-01-26 16:55:00+01:00,0.33258400724024173,34176
Demanda programada,2023-01-26 17:00:00+01:00,0.3346854409067531,34489
Demanda programada,2023-01-26 17:05:00+01:00,0.33451015004413065,34489
Demanda programada,2023-01-26 17:10:00+01:00,0.3343771814162724,34489
Demanda programada,2023-01-26 17:15:00+01:00,0.33506925958550726,34615
Demanda programada,2023-01-26 17:20:00+01:00,0.33354853629863745,34615
Demanda programada,2023-01-26 17:25:00+01:00,0.33311199645861,34615
Demanda programada,2023-01-26 17:30:00+01:00,0.3336502174977674,34746
Demanda programada,2023-01-26 17:35:00+01:00,0.33357974673822255,34746
Demanda programada,2023-01-26 17:40:00+01:00,0.33164073685215234,34746
Demanda programada,2023-01-26 17:45:00+01:00,0.3345980914799567,35274
Demanda programada,2023-01-26 17:50:00+01:00,0.3344331304397292,35274
Demanda programada,2023-01-26 17:55:00+01:00,0.3332640489777408,35274
Demanda programada,2023-01-26 18:00:00+01:00,0.336154605727183,35745
Demanda programada,2023-01-26 18:05:00+01:00,0.33523089619987245,35745
Demanda programada,2023-01-26 18:10:00+01:00,0.3340966445462193,35745
Demanda programada,2023-01-26 18:15:00+01:00,0.335190066786516,35985
Demanda programada,2023-01-26 18:20:00+01:00,0.3344051148138167,35985
Demanda programada,2023-01-26 18:25:00+01:00,0.33296013916133094,35985
Demanda programada,2023-01-26 18:30:00+01:00,0.33695254137981545,36806
Demanda programada,2023-01-26 18:35:00+01:00,0.3358150398715352,36806
Demanda programada,2023-01-26 18:40:00+01:00,0.3342535917322048,36806
Demanda programada,2023-01-26 18:45:00+01:00,0.33361657506508535,36906
Demanda programada,2023-01-26 18:50:00+01:00,0.3331046807588859,36906
Demanda programada,2023-01-26 18:55:00+01:00,0.33235174929082806,36906
Demanda programada,2023-01-26 19:00:00+01:00,0.33565180171745,37641
Demanda programada,2023-01-26 19:05:00+01:00,0.33437860886559473,37641
Demanda programada,2023-01-26 19:10:00+01:00,0.33338352257630244,37641
Demanda programada,2023-01-26 19:15:00+01:00,0.33484649490079244,37988
Demanda programada,2023-01-26 19:20:00+01:00,0.3343925776608012,37988
Demanda programada,2023-01-26 19:25:00+01:00,0.3337609165509849,37988
Demanda programada,2023-01-26 19:30:00+01:00,0.3352940661572263,38305
Demanda programada,2023-01-26 19:35:00+01:00,0.3346993341838072,38305
Demanda programada,2023-01-26 19:40:00+01:00,0.3341883250015268,38305
Demanda programada,2023-01-26 19:45:00+01:00,0.33485630580357145,38404
Demanda programada,2023-01-26 19:50:00+01:00,0.3342268328343661,38404
Demanda programada,2023-01-26 19:55:00+01:00,0.33320318939413657,38404
Demanda programada,2023-01-26 20:00:00+01:00,0.33494573320850235,38638
Demanda programada,2023-01-26 20:05:00+01:00,0.33419828048506234,38638
Demanda programada,2023-01-26 20:10:00+01:00,0.3334743019893842,38638
Demanda programada,2023-01-26 20:15:00+01:00,0.3334139390275499,38606
Demanda programada,2023-01-26 20:20:00+01:00,0.3333246993205032,38606
Demanda programada,2023-01-26 20:25:00+01:00,0.3335089886572734,38606
Demanda programada,2023-01-26 20:30:00+01:00,0.3329472273847085,38517
Demanda programada,2023-01-26 20:35:00+01:00,0.3329357155822939,38517
Demanda programada,2023-01-26 20:40:00+01:00,0.3331747487154646,38517
Demanda programada,2023-01-26 20:45:00+01:00,0.3327235842840795,38379
Demanda programada,2023-01-26 20:50:00+01:00,0.3332957012592271,38379
Demanda programada,2023-01-26 20:55:00+01:00,0.3337101219925744,38379
Demanda programada,2023-01-26 21:00:00+01:00,0.3321764393761471,38188
Demanda programada,2023-01-26 21:05:00+01:00,0.33276402927849424,38188
Demanda programada,2023-01-26 21:10:00+01:00,0.33341773257082985,38188
Demanda programada,2023-01-26 21:15:00+01:00,0.33135907206787,37652
Demanda programada,2023-01-26 21:20:00+01:00,0.33266186033361606,37652
Demanda programada,2023-01-26 21:25:00+01:00,0.33403419121887173,37652
Demanda programada,2023-01-26 21:30:00+01:00,0.33100910844887155,36886
Demanda programada,2023-01-26 21:35:00+01:00,0.332683947544059,36886
Demanda programada,2023-01-26 21:40:00+01:00,0.33457903234584474,36886
Demanda programada,2023-01-26 21:45:00+01:00,0.33147632311977715,36176
Demanda programada,2023-01-26 21:50:00+01:00,0.33333026195763343,36176
Demanda programada,2023-01-26 21:55:00+01:00,0.33506844747420483,36176
Demanda programada,2023-01-26 22:00:00+01:00,0.32856145251396646,34817
Demanda programada,2023-01-26 22:05:00+01:00,0.3301910948835886,34817
Demanda programada,2023-01-26 22:10:00+01:00,0.33160942530049337,34817
Demanda programada,2023-01-26 22:15:00+01:00,0.32939975146184747,34194
Demanda programada,2023-01-26 22:20:00+01:00,0.33151067418998315,34194
Demanda programada,2023-01-26 22:25:00+01:00,0.3337562956311248,34194
Demanda programada,2023-01-26 22:30:00+01:00,0.3287284051014539,33147
Demanda programada,2023-01-26 22:35:00+01:00,0.33013953766321724,33147
Demanda programada,2023-01-26 22:40:00+01:00,0.33236739195828735,33147
Demanda programada,2023-01-26 22:45:00+01:00,0.3285973644486149,32217
Demanda programada,2023-01-26 22:50:00+01:00,0.33044432592106343,32217
Demanda programada,2023-01-26 22:55:00+01:00,0.33314031042220316,32217
Demanda programada,2023-01-26 23:00:00+01:00,0.3303407360739224,31460
Demanda programada,2023-01-26 23:05:00+01:00,0.33313214100405564,31460
Demanda programada,2023-01-26 23:10:00+01:00,0.33547313868924483,31460
Demanda programada,2023-01-26 23:15:00+01:00,0.33230176592797783,30710
Demanda programada,2023-01-26 23:20:00+01:00,0.33376081380689476,30710
Demanda programada,2023-01-26 23:25:00+01:00,0.3356797761406117,30710
Demanda programada,2023-01-26 23:30:00+01:00,0.33088765803465386,29810
Demanda programada,2023-01-26 23:35:00+01:00,0.3327788879089965,29810
Demanda programada,2023-01-26 23:40:00+01:00,0.3345979436986486,29810
Demanda programada,2023-01-26 23:45:00+01:00,0.3303484857126561,28960
Demanda programada,2023-01-26 23:50:00+01:00,0.33240742866325385,28960
Demanda programada,2023-01-26 23:55:00+01:00,0.333775139745289,28960
Demanda prevista,2023-01-26 00:00:00+01:00,0.33761986261224297,28801
Demanda prevista,2023-01-26 00:05:00+01:00,0.3369669916598144,28686
Demanda prevista,2023-01-26 00:10:00+01:00,0.3351265005050624,28532
Demanda prevista,2023-01-26 00:15:00+01:00,0.33547592835919837,28340
Demanda prevista,2023-01-26 00:20:00+01:00,0.334407093952073,28133
Demanda prevista,2023-01-26 00:25:00+01:00,0.33376347169450615,27934
Demanda prevista,2023-01-26 00:30:00+01:00,0.33508055750138893,27744
Demanda prevista,2023-01-26 00:35:00+01:00,0.3345025123188582,27561
Demanda prevista,2023-01-26 00:40:00+01:00,0.33356884433129086,27383
Demanda prevista,2023-01-26 00:45:00+01:00,0.3345587783256077,27210
Demanda prevista,2023-01-26 00:50:00+01:00,0.33414504505618114,27032
Demanda prevista,2023-01-26 00:55:00+01:00,0.3331099362077097,26840
Demanda prevista,2023-01-26 01:00:00+01:00,0.3357580494692519,26633
Demanda prevista,2023-01-26 01:05:00+01:00,0.33521012452763194,26434
Demanda prevista,2023-01-26 01:10:00+01:00,0.334377187957482,26267
Demanda prevista,2023-01-26 01:15:00+01:00,0.335511702851567,26132
Demanda prevista,2023-01-26 01:20:00+01:00,0.33482654309068677,26011
Demanda prevista,2023-01-26 01:25:00+01:00,0.3335523942064842,25885
Demanda prevista,2023-01-26 01:30:00+01:00,0.33518578772694735,25754
Demanda prevista,2023-01-26 01:35:00+01:00,0.33531743436114125,25632
Demanda prevista,2023-01-26 01:40:00+01:00,0.3345037207839849,25532
Demanda prevista,2023-01-26 01:45:00+01:00,0.33406391495504956,25454
Demanda prevista,2023-01-26 01:50:00+01:00,0.3335744630479673,25362
Demanda prevista,2023-01-26 01:55:00+01:00,0.3333333333333333,25219
Demanda prevista,2023-01-26 02:00:00+01:00,0.33428624863074086,25024
Demanda prevista,2023-01-26 02:05:00+01:00,0.3327616240117915,24834
Demanda prevista,2023-01-26 02:10:00+01:00,0.33192249811888636,24703
Demanda prevista,2023-01-26 02:15:00+01:00,0.33250539956803454,24632
Demanda prevista,2023-01-26 02:20:00+01:00,0.3330804454439537,24586
Demanda prevista,2023-01-26 02:25:00+01:00,0.33253351769761547,24530
Demanda prevista,2023-01-26 02:30:00+01:00,0.33240485345870074,24464
Demanda prevista,2023-01-26 02:35:00+01:00,0.3321985892862006,24396
Demanda prevista,2023-01-26 02:40:00+01:00,0.33154417274027653,24337
Demanda prevista,2023-01-26 02:45:00+01:00,0.3329631457716354,24285
Demanda prevista,2023-01-26 02:50:00+01:00,0.3319728263847039,24238
Demanda prevista,2023-01-26 02:55:00+01:00,0.3322667032891575,24194
Demanda prevista,2023-01-26 03:00:00+01:00,0.333909412675589,24151
Demanda prevista,2023-01-26 03:05:00+01:00,0.33263892721152255,24111
Demanda prevista,2023-01-26 03:10:00+01:00,0.33141519823788546,24074
Demanda prevista,2023-01-26 03:15:00+01:00,0.33166862109401946,24041
Demanda prevista,2023-01-26 03:20:00+01:00,0.33170778879893903,24011
Demanda prevista,2023-01-26 03:25:00+01:00,0.33225739419546996,23984
Demanda prevista,2023-01-26 03:30:00+01:00,0.3324869222550611,23962
Demanda prevista,2023-01-26 03:35:00+01:00,0.3317261731576541,23943
Demanda prevista,2023-01-26 03:40:00+01:00,0.3327862011406315,23924
Demanda prevista,2023-01-26 03:45:00+01:00,0.33447595595539575,23906
Demanda prevista,2023-01-26 03:50:00+01:00,0.33389224234294657,23896
Demanda prevista,2023-01-26 03:55:00+01:00,0.33357992295237565,23899
Demanda prevista,2023-01-26 04:00:00+01:00,0.33261008651144675,23914
Demanda prevista,2023-01-26 04:05:00+01:00,0.3329854588464482,23930
Demanda prevista,2023-01-26 04:10:00+01:00,0.3333008370123811,23932
Demanda prevista,2023-01-26 04:15:00+01:00,0.33163725096011204,23920
Demanda prevista,2023-01-26 04:20:00+01:00,0.33225846803897313,23905
Demanda prevista,2023-01-26 04:25:00+01:00,0.3330360253640861,23897
Demanda prevista,2023-01-26 04:30:00+01:00,0.33422388832160693,23894
Demanda prevista,2023-01-26 04:35:00+01:00,0.3335565881088925,23905
Demanda prevista,2023-01-26 04:40:00+01:00,0.3325505780346821,23933
Demanda prevista,2023-01-26 04:45:00+01:00,0.33194446367021496,23980
Demanda prevista,2023-01-26 04:50:00+01:00,0.3323785803237858,24021
Demanda prevista,2023-01-26 04:55:00+01:00,0.33378237622387336,24034
Demanda prevista,2023-01-26 05:00:00+01:00,0.33109551839649304,24018
Demanda prevista,2023-01-26 05:05:00+01:00,0.33042114387133165,24016
Demanda prevista,2023-01-26 05:10:00+01:00,0.3309913378248316,24073
Demanda prevista,2023-01-26 05:15:00+01:00,0.3317196928140428,24189
Demanda prevista,2023-01-26 05:20:00+01:00,0.3330595594978988,24331
Demanda prevista,2023-01-26 05:25:00+01:00,0.3340614036285203,24471
Demanda prevista,2023-01-26 05:30:00+01:00,0.33321597833446176,24608
Demanda prevista,2023-01-26 05:35:00+01:00,0.33450390340095626,24766
Demanda prevista,2023-01-26 05:40:00+01:00,0.33612891066716927,24969
Demanda prevista,2023-01-26 05:45:00+01:00,0.33453170602281773,25217
Demanda prevista,2023-01-26 05:50:00+01:00,0.3367203831600116,25450
Demanda prevista,2023-01-26 05:55:00+01:00,0.33733321039528974,25610
Demanda prevista,2023-01-26 06:00:00+01:00,0.3310358155114661,25695
Demanda prevista,2023-01-26 06:05:00+01:00,0.32891081032856667,25807
Demanda prevista,2023-01-26 06:10:00+01:00,0.3291878365056495,26046
Demanda prevista,2023-01-26 06:15:00+01:00,0.32705975582575963,26414
Demanda prevista,2023-01-26 06:20:00+01:00,0.32869179709505963,26839
Demanda prevista,2023-01-26 06:25:00+01:00,0.33232528930457156,27253
Demanda prevista,2023-01-26 06:30:00+01:00,0.331503368254501,27656
Demanda prevista,2023-01-26 06:35:00+01:00,0.3331195667664244,28050
Demanda prevista,2023-01-26 06:40:00+01:00,0.3345410912170906,28438
Demanda prevista,2023-01-26 06:45:00+01:00,0.33227643776230226,28819
Demanda prevista,2023-01-26 06:50:00+01:00,0.3335920291261028,29229
Demanda prevista,2023-01-26 06:55:00+01:00,0.33515386091018856,29701
Demanda prevista,2023-01-26 07:00:00+01:00,0.3297417553655557,30236
Demanda prevista,2023-01-26 07:05:00+01:00,0.33118337460966946,30757
Demanda prevista,2023-01-26 07:10:00+01:00,0.3317517898745758,31185
Demanda prevista,2023-01-26 07:15:00+01:00,0.32945886337267033,31519
Demanda prevista,2023-01-26 07:20:00+01:00,0.3298364190491987,31818
Demanda prevista,2023-01-26 07:25:00+01:00,0.3308862141040558,32136
Demanda prevista,2023-01-26 07:30:00+01:00,0.3297889626876282,32473
Demanda prevista,2023-01-26 07:35:00+01:00,0.32992885820948087,32788
Demanda prevista,2023-01-26 07:40:00+01:00,0.33109184747206494,33038
Demanda prevista,2023-01-26 07:45:00+01:00,0.3268691519820538,33222
Demanda prevista,2023-01-26 07:50:00+01:00,0.32782226055254465,33450
Demanda prevista,2023-01-26 07:55:00+01:00,0.32943192661979787,33832
Demanda prevista,2023-01-26 08:00:00+01:00,0.3303059135599573,34368
Demanda prevista,2023-01-26 08:05:00+01:00,0.3323899910430126,34883
Demanda prevista,2023-01-26 08:10:00+01:00,0.3338328038313813,35201
Demanda prevista,2023-01-26 08:15:00+01:00,0.3323453583996688,35321
Demanda prevista,2023-01-26 08:20:00+01:00,0.33203128667874815,35361
Demanda prevista,2023-01-26 08:25:00+01:00,0.3319717438962694,35434
Demanda prevista,2023-01-26 08:30:00+01:00,0.33262515559632,35540
Demanda prevista,2023-01-26 08:35:00+01:00,0.3332959337278992,35647
Demanda prevista,2023-01-26 08:40:00+01:00,0.33376313945339875,35721
Demanda prevista,2023-01-26 08:45:00+01:00,0.33421492855340507,35762
Demanda prevista,2023-01-26 08:50:00+01:00,0.33441700998664087,35797
Demanda prevista,2023-01-26 08:55:00+01:00,0.3347182283302835,35851
Demanda prevista,2023-01-26 09:00:00+01:00,0.3348402371276239,35923
Demanda prevista,2023-01-26 09:05:00+01:00,0.33429625019738246,35990
Demanda prevista,2023-01-26 09:10:00+01:00,0.33450014391695526,36026
Demanda prevista,2023-01-26 09:15:00+01:00,0.33418970682347265,36032
Demanda prevista,2023-01-26 09:20:00+01:00,0.3335710052596489,36023
Demanda prevista,2023-01-26 09:25:00+01:00,0.3331668100617061,36013
Demanda prevista,2023-01-26 09:30:00+01:00,0.3322474367611366,36002
Demanda prevista,2023-01-26 09:35:00+01:00,0.3318794607454401,35991
Demanda prevista,2023-01-26 09:40:00+01:00,0.33222836775962844,35980
Demanda prevista,2023-01-26 09:45:00+01:00,0.3340205419661596,35968
Demanda prevista,2023-01-26 09:50:00+01:00,0.3340831141308894,35943
Demanda prevista,2023-01-26 09:55:00+01:00,0.3335346870498583,35890
Demanda prevista,2023-01-26 10:00:00+01:00,0.33346681069805556,35809
Demanda prevista,2023-01-26 10:05:00+01:00,0.3334297740487368,35726
Demanda prevista,2023-01-26 10:10:00+01:00,0.3328604759682688,35666
Demanda prevista,2023-01-26 10:15:00+01:00,0.3335892514395393,35629
Demanda prevista,2023-01-26 10:20:00+01:00,0.33309628520632545,35598
Demanda prevista,2023-01-26 10:25:00+01:00,0.333261480787254,35559
Demanda prevista,2023-01-26 10:30:00+01:00,0.3339163305029761,35511
Demanda prevista,2023-01-26 10:35:00+01:00,0.33378831237291967,35459
Demanda prevista,2023-01-26 10:40:00+01:00,0.33283514748181153,35409
Demanda prevista,2023-01-26 10:45:00+01:00,0.33106147134270786,35362
Demanda prevista,2023-01-26 10:50:00+01:00,0.33126319245743235,35311
Demanda prevista,2023-01-26 10:55:00+01:00,0.3312255712567649,35253
Demanda prevista,2023-01-26 11:00:00+01:00,0.33259922304035083,35188
Demanda prevista,2023-01-26 11:05:00+01:00,0.332932008645861,35119
Demanda prevista,2023-01-26 11:10:00+01:00,0.3330419663471131,35053
Demanda prevista,2023-01-26 11:15:00+01:00,0.3326614436753632,34988
Demanda prevista,2023-01-26 11:20:00+01:00,0.33269824334108145,34924
Demanda prevista,2023-01-26 11:25:00+01:00,0.3326526522705803,34861
Demanda prevista,2023-01-26 11:30:00+01:00,0.33219727345629513,34797
Demanda prevista,2023-01-26 11:35:00+01:00,0.33153273525481963,34738
Demanda prevista,2023-01-26 11:40:00+01:00,0.3318601002563808,34690
Demanda prevista,2023-01-26 11:45:00+01:00,0.331642516700802,34652
Demanda prevista,2023-01-26 11:50:00+01:00,0.3311137261655329,34609
Demanda prevista,2023-01-26 11:55:00+01:00,0.33132859486057953,34542
Demanda prevista,2023-01-26 12:00:00+01:00,0.33187873883767305,34452
Demanda prevista,2023-01-26 12:05:00+01:00,0.3312258450032287,34367
Demanda prevista,2023-01-26 12:10:00+01:00,0.33144998502979556,34318
Demanda prevista,2023-01-26 12:15:00+01:00,0.33161904025366384,34304
Demanda prevista,2023-01-26 12:20:00+01:00,0.33157431838170626,34307
Demanda prevista,2023-01-26 12:25:00+01:00,0.3317540127634887,34310
Demanda prevista,2023-01-26 12:30:00+01:00,0.3319370816081724,34313
Demanda prevista,2023-01-26 12:35:00+01:00,0.33136288998357966,34306
Demanda prevista,2023-01-26 12:40:00+01:00,0.3319229689300272,34282
Demanda prevista,2023-01-26 12:45:00+01:00,0.3313815063587619,34239
Demanda prevista,2023-01-26 12:50:00+01:00,0.331355103542419,34226
Demanda prevista,2023-01-26 12:55:00+01:00,0.33155421477055175,34290
Demanda prevista,2023-01-26 13:00:00+01:00,0.3331720674607398,34433
Demanda prevista,2023-01-26 13:05:00+01:00,0.3338290106409687,34572
Demanda prevista,2023-01-26 13:10:00+01:00,0.3338926174496644,34626
Demanda prevista,2023-01-26 13:15:00+01:00,0.333057342011014,34594
Demanda prevista,2023-01-26 13:20:00+01:00,0.33266536927493784,34530
Demanda prevista,2023-01-26 13:25:00+01:00,0.33209752903337636,34487
Demanda prevista,2023-01-26 13:30:00+01:00,0.33285688071622416,34465
Demanda prevista,2023-01-26 13:35:00+01:00,0.3325064190428387,34447
Demanda prevista,2023-01-26 13:40:00+01:00,0.33184193778566334,34414
Demanda prevista,2023-01-26 13:45:00+01:00,0.33326868059933085,34365
Demanda prevista,2023-01-26 13:50:00+01:00,0.3330293121682854,34323
Demanda prevista,2023-01-26 13:55:00+01:00,0.3324482775328262,34307
Demanda prevista,2023-01-26 14:00:00+01:00,0.3329872599722494,34318
Demanda prevista,2023-01-26 14:05:00+01:00,0.3328259373091205,34328
Demanda prevista,2023-01-26 14:10:00+01:00,0.3332750497838652,34309
Demanda prevista,2023-01-26 14:15:00+01:00,0.3320669134893097,34262
Demanda prevista,2023-01-26 14:20:00+01:00,0.3318102887964068,34204
Demanda prevista,2023-01-26 14:25:00+01:00,0.33170821719580057,34155
Demanda prevista,2023-01-26 14:30:00+01:00,0.3319192823366868,34114
Demanda prevista,2023-01-26 14:35:00+01:00,0.3321506896047566,34077
Demanda prevista,2023-01-26 14:40:00+01:00,0.331502420116672,34039
Demanda prevista,2023-01-26 14:45:00+01:00,0.3319533675721065,33998
Demanda prevista,2023-01-26 14:50:00+01:00,0.3315856278070689,33961
Demanda prevista,2023-01-26 14:55:00+01:00,0.3318565462742912,33932
Demanda prevista,2023-01-26 15:00:00+01:00,0.3337598299262817,33911
Demanda prevista,2023-01-26 15:05:00+01:00,0.33389154312170616,33895
Demanda prevista,2023-01-26 15:10:00+01:00,0.33364189628345775,33880
Demanda prevista,2023-01-26 15:15:00+01:00,0.33289427122242754,33866
Demanda prevista,2023-01-26 15:20:00+01:00,0.33283523397561937,33856
Demanda prevista,2023-01-26 15:25:00+01:00,0.33291045876973,33852
Demanda prevista,2023-01-26 15:30:00+01:00,0.33406352683461116,33855
Demanda prevista,2023-01-26 15:35:00+01:00,0.3329465216450642,33856
Demanda prevista,2023-01-26 15:40:00+01:00,0.3332480012602891,33846
Demanda prevista,2023-01-26 15:45:00+01:00,0.33341876213664007,33825
Demanda prevista,2023-01-26 15:50:00+01:00,0.33354698747658024,33825
Demanda prevista,2023-01-26 15:55:00+01:00,0.3334481604692821,33879
Demanda prevista,2023-01-26 16:00:00+01:00,0.33281761030923795,33988
Demanda prevista,2023-01-26 16:05:00+01:00,0.3334278534481916,34100
Demanda prevista,2023-01-26 16:10:00+01:00,0.3335220782770841,34163
Demanda prevista,2023-01-26 16:15:00+01:00,0.33433437350210804,34178
Demanda prevista,2023-01-26 16:20:00+01:00,0.3344817461094255,34174
Demanda prevista,2023-01-26 16:25:00+01:00,0.3339129585307478,34181
Demanda prevista,2023-01-26 16:30:00+01:00,0.3339159132183796,34199
Demanda prevista,2023-01-26 16:35:00+01:00,0.3344241157336407,34236
Demanda prevista,2023-01-26 16:40:00+01:00,0.3346798192976807,34301
Demanda prevista,2023-01-26 16:45:00+01:00,0.3351098033866599,34395
Demanda prevista,2023-01-26 16:50:00+01:00,0.33546885801357257,34455
Demanda prevista,2023-01-26 16:55:00+01:00,0.33495849511964887,34420
Demanda prevista,2023-01-26 17:00:00+01:00,0.33274461663868643,34289
Demanda prevista,2023-01-26 17:05:00+01:00,0.3313967585812246,34168
Demanda prevista,2023-01-26 17:10:00+01:00,0.3312068564337237,34162
Demanda prevista,2023-01-26 17:15:00+01:00,0.33172001897257686,34269
Demanda prevista,2023-01-26 17:20:00+01:00,0.3316791612865925,34421
Demanda prevista,2023-01-26 17:25:00+01:00,0.3324961025463364,34551
Demanda prevista,2023-01-26 17:30:00+01:00,0.3328051930592765,34658
Demanda prevista,2023-01-26 17:35:00+01:00,0.3337045535277119,34759
Demanda prevista,2023-01-26 17:40:00+01:00,0.3328433711940441,34872
Demanda prevista,2023-01-26 17:45:00+01:00,0.3319610707442469,34996
Demanda prevista,2023-01-26 17:50:00+01:00,0.3330583840567344,35129
Demanda prevista,2023-01-26 17:55:00+01:00,0.33319791391103887,35267
Demanda prevista,2023-01-26 18:00:00+01:00,0.3330229933700099,35412
Demanda prevista,2023-01-26 18:05:00+01:00,0.3334865138612747,35559
Demanda prevista,2023-01-26 18:10:00+01:00,0.3337414711655295,35707
Demanda prevista,2023-01-26 18:15:00+01:00,0.33398846838119545,35856
Demanda prevista,2023-01-26 18:20:00+01:00,0.33460955868003606,36007
Demanda prevista,2023-01-26 18:25:00+01:00,0.334597875569044,36162
Demanda prevista,2023-01-26 18:30:00+01:00,0.3325216053903618,36322
Demanda prevista,2023-01-26 18:35:00+01:00,0.33283151767303515,36479
Demanda prevista,2023-01-26 18:40:00+01:00,0.3326280037052509,36627
Demanda prevista,2023-01-26 18:45:00+01:00,0.3323419872722013,36765
Demanda prevista,2023-01-26 18:50:00+01:00,0.33314980955647416,36911
Demanda prevista,2023-01-26 18:55:00+01:00,0.33395470304831376,37084
Demanda prevista,2023-01-26 19:00:00+01:00,0.3324772834684287,37285
Demanda prevista,2023-01-26 19:05:00+01:00,0.33293062094696635,37478
Demanda prevista,2023-01-26 19:10:00+01:00,0.33329495332400405,37631
Demanda prevista,2023-01-26 19:15:00+01:00,0.33269574875053987,37744
Demanda prevista,2023-01-26 19:20:00+01:00,0.3330897951638601,37840
Demanda prevista,2023-01-26 19:25:00+01:00,0.33333040468115765,37939
Demanda prevista,2023-01-26 19:30:00+01:00,0.33300070901499434,38043
Demanda prevista,2023-01-26 19:35:00+01:00,0.33324013071666986,38138
Demanda prevista,2023-01-26 19:40:00+01:00,0.3333595065476658,38210
Demanda prevista,2023-01-26 19:45:00+01:00,0.33360072544642855,38260
Demanda prevista,2023-01-26 19:50:00+01:00,0.33344357028475946,38314
Demanda prevista,2023-01-26 19:55:00+01:00,0.333159808081071,38399
Demanda prevista,2023-01-26 20:00:00+01:00,0.3338968064079892,38517
Demanda prevista,2023-01-26 20:05:00+01:00,0.3340598889407857,38622
Demanda prevista,2023-01-26 20:10:00+01:00,0.3337591162128339,38671
Demanda prevista,2023-01-26 20:15:00+01:00,0.3339148458416098,38664
Demanda prevista,2023-01-26 20:20:00+01:00,0.3335319156284266,38630
Demanda prevista,2023-01-26 20:25:00+01:00,0.33344851715231044,38599
Demanda prevista,2023-01-26 20:30:00+01:00,0.3334226563512988,38572
Demanda prevista,2023-01-26 20:35:00+01:00,0.33300486649551814,38525
Demanda prevista,2023-01-26 20:40:00+01:00,0.33246544297008807,38435
Demanda prevista,2023-01-26 20:45:00+01:00,0.33205603911641296,38302
Demanda prevista,2023-01-26 20:50:00+01:00,0.3316196265740339,38186
Demanda prevista,2023-01-26 20:55:00+01:00,0.3317015486013895,38148
Demanda prevista,2023-01-26 21:00:00+01:00,0.3321677409253412,38187
Demanda prevista,2023-01-26 21:05:00+01:00,0.3329208783548275,38206
Demanda prevista,2023-01-26 21:10:00+01:00,0.3327017942113764,38106
Demanda prevista,2023-01-26 21:15:00+01:00,0.3334272060829542,37887
Demanda prevista,2023-01-26 21:20:00+01:00,0.33236146451795306,37618
Demanda prevista,2023-01-26 21:25:00+01:00,0.33151465147845527,37368
Demanda prevista,2023-01-26 21:30:00+01:00,0.3332525687620586,37136
Demanda prevista,2023-01-26 21:35:00+01:00,0.3327470822735718,36893
Demanda prevista,2023-01-26 21:40:00+01:00,0.3320755401556519,36610
Demanda prevista,2023-01-26 21:45:00+01:00,0.3324934027268729,36287
Demanda prevista,2023-01-26 21:50:00+01:00,0.3315427213002976,35982
Demanda prevista,2023-01-26 21:55:00+01:00,0.33114128521942093,35752
Demanda prevista,2023-01-26 22:00:00+01:00,0.33590329155971616,35595
Demanda prevista,2023-01-26 22:05:00+01:00,0.33602351937028785,35432
Demanda prevista,2023-01-26 22:10:00+01:00,0.3350477170124007,35178
Demanda prevista,2023-01-26 22:15:00+01:00,0.33557467222826975,34835
Demanda prevista,2023-01-26 22:20:00+01:00,0.33402167800981136,34453
Demanda prevista,2023-01-26 22:25:00+01:00,0.332702143442783,34086
Demanda prevista,2023-01-26 22:30:00+01:00,0.3345498542158399,33734
Demanda prevista,2023-01-26 22:35:00+01:00,0.33261954324073983,33396
Demanda prevista,2023-01-26 22:40:00+01:00,0.33161536147598514,33072
Demanda prevista,2023-01-26 22:45:00+01:00,0.3341560931826527,32762
Demanda prevista,2023-01-26 22:50:00+01:00,0.33262903093460244,32430
Demanda prevista,2023-01-26 22:55:00+01:00,0.33131003960416516,32040
Demanda prevista,2023-01-26 23:00:00+01:00,0.3317162807791253,31591
Demanda prevista,2023-01-26 23:05:00+01:00,0.32993424187553605,31158
Demanda prevista,2023-01-26 23:10:00+01:00,0.32860585638422657,30816
Demanda prevista,2023-01-26 23:15:00+01:00,0.33072195290858725,30564
Demanda prevista,2023-01-26 23:20:00+01:00,0.32989175324957615,30354
Demanda prevista,2023-01-26 23:25:00+01:00,0.32942745338084517,30138
Demanda prevista,2023-01-26 23:30:00+01:00,0.33205314626322274,29915
Demanda prevista,2023-01-26 23:35:00+01:00,0.3314504515567265,29691
Demanda prevista,2023-01-26 23:40:00+01:00,0.3308153369550577,29473
Demanda prevista,2023-01-26 23:45:00+01:00,0.3337706040038784,29260
Demanda prevista,2023-01-26 23:50:00+01:00,0.33363559146943367,29067
Demanda prevista,2023-01-26 23:55:00+01:00,0.33321039589696305,28911
